EXCH,2012-03-04_03:45:32,0,0,0,0,0,0
EXCH,2012-03-04_03:45:32,1,0,0,0,0,0
EXCH,2012-03-04_03:45:32,2,0,0,0,0,0
EXCH,2012-03-04_03:45:32,3,0,0,0,0,0
EXCH,2012-03-04_03:45:32,4,0,0,0,0,0
EXCH,2012-03-04_03:45:32,5,0,0,0,0,0
EXCH,2012-03-04_03:45:32,6,0,0,0,0,0
EXCH,2012-03-04_03:45:32,7,0,0,0,0,0
EXCH,2012-03-04_03:45:32,8,0,0,0,0,0
EXCH,2012-03-04_03:45:32,9,0,0,0,0,0
EXCH,2012-03-04_03:45:32,10,0,0,0,0,0
EXCH,2012-03-04_03:45:32,11,0,0,0,0,0
EXCH,2012-03-04_03:45:32,12,0,0,0,0,0
EXCH,2012-03-04_03:45:32,13,0,0,0,0,0
EXCH,2012-03-04_03:45:32,14,0,0,0,0,0
EXCH,2012-03-04_03:45:32,15,0,0,0,0,0
EXCH,2012-03-04_03:45:32,16,0,0,0,0,0
EXCH,2012-03-04_03:45:32,17,0,0,0,0,0
EXCH,2012-03-04_03:45:32,18,0,0,0,0,0
EXCH,2012-03-04_03:45:32,19,0,0,0,0,0
EXCH,2012-03-04_03:45:32,20,0,0,0,0,0
EXCH,2012-03-04_03:45:32,21,0,0,0,0,0
EXCH,2012-03-04_03:45:32,22,0,0,0,0,0
EXCH,2012-03-04_03:45:32,23,0,0,0,0,0
EXCH,2012-03-04_03:45:32,24,0,0,0,0,0
EXCH,2012-03-04_03:45:32,25,0,0,0,0,0
EXCH,2012-03-04_03:45:32,26,0,0,0,0,0
EXCH,2012-03-04_03:45:32,27,0,0,0,0,0
EXCH,2012-03-04_03:45:32,28,0,0,0,0,0
EXCH,2012-03-04_03:45:32,29,0,0,0,0,0
EXCH,2012-03-04_03:45:32,30,0,0,0,0,0
EXCH,2012-03-04_03:45:32,31,0,0,0,0,0
EXCH,2012-03-04_03:45:32,32,0,0,0,0,0
EXCH,2012-03-04_03:45:32,33,0,0,0,0,0
EXCH,2012-03-04_03:45:32,34,0,0,0,0,0
EXCH,2012-03-04_03:45:32,35,0,0,0,0,0
EXCH,2012-03-04_03:45:32,36,0,0,0,0,0
EXCH,2012-03-04_03:45:32,37,0,0,0,0,0
EXCH,2012-03-04_03:45:32,38,0,0,0,0,0
EXCH,2012-03-04_03:45:32,39,0,0,0,0,0
EXCH,2012-03-04_03:45:32,40,0,0,0,0,0
EXCH,2012-03-04_03:45:32,41,0,0,0,0,0
EXCH,2012-03-04_03:45:32,42,0,0,0,0,0
EXCH,2012-03-04_03:45:32,43,0,0,0,0,0
EXCH,2012-03-04_03:45:32,44,0,0,0,0,0
EXCH,2012-03-04_03:45:32,45,0,0,0,0,0
EXCH,2012-03-04_03:45:32,46,0,0,0,0,0
EXCH,2012-03-04_03:45:32,47,0,0,0,0,0
EXCH,2012-03-04_03:45:32,48,0,0,0,0,0
EXCH,2012-03-04_03:45:32,49,0,0,0,0,0
EXCH,2012-03-04_03:45:32,50,0,0,0,0,0
EXCH,2012-03-04_03:45:32,51,0,0,0,0,0
EXCH,2012-03-04_03:45:32,52,0,0,0,0,0
EXCH,2012-03-04_03:45:32,53,0,0,0,0,0
EXCH,2012-03-04_03:45:32,54,0,0,0,0,0
EXCH,2012-03-04_03:45:32,55,0,0,0,0,0
EXCH,2012-03-04_03:45:32,56,0,0,0,0,0
EXCH,2012-03-04_03:45:32,57,0,0,0,0,0
EXCH,2012-03-04_03:45:32,58,0,0,0,0,0
EXCH,2012-03-04_03:45:32,59,0,0,0,0,0
EXCH,2012-03-04_03:45:32,60,0,0,0,0,0
EXCH,2012-03-04_03:45:32,61,0,0,0,0,0
EXCH,2012-03-04_03:45:32,62,0,0,0,0,0
EXCH,2012-03-04_03:45:32,63,0,0,0,0,0
EXCH,2012-03-04_03:45:32,64,0,0,0,0,0
EXCH,2012-03-04_03:45:32,65,0,0,0,0,0
EXCH,2012-03-04_03:45:32,66,0,0,0,0,0
EXCH,2012-03-04_03:45:32,67,0,0,0,0,0
EXCH,2012-03-04_03:45:32,68,0,0,0,0,0
EXCH,2012-03-04_03:45:32,69,0,0,0,0,0
EXCH,2012-03-04_03:45:32,70,0,0,0,0,0
EXCH,2012-03-04_03:45:32,71,0,0,0,0,0
EXCH,2012-03-04_03:45:32,72,0,0,0,0,0
EXCH,2012-03-04_03:45:32,73,0,0,0,0,0
EXCH,2012-03-04_03:45:32,74,0,0,0,0,0
EXCH,2012-03-04_03:45:32,75,0,0,0,0,0
EXCH,2012-03-04_03:45:32,76,0,0,0,0,0
EXCH,2012-03-04_03:45:32,77,0,0,0,0,0
EXCH,2012-03-04_03:45:32,78,0,0,0,0,0
EXCH,2012-03-04_03:45:32,79,0,0,0,0,0
EXCH,2012-03-04_03:45:32,80,0,0,0,0,0
EXCH,2012-03-04_03:45:32,81,0,0,0,0,0
EXCH,2012-03-04_03:45:32,82,0,0,0,0,0
EXCH,2012-03-04_03:45:32,83,0,0,0,0,0
EXCH,2012-03-04_03:45:32,84,0,0,0,0,0
EXCH,2012-03-04_03:45:32,85,0,0,0,0,0
EXCH,2012-03-04_03:45:32,86,0,0,0,0,0
EXCH,2012-03-04_03:45:32,87,0,0,0,0,0
EXCH,2012-03-04_03:45:32,88,0,0,0,0,0
EXCH,2012-03-04_03:45:32,89,0,0,0,0,0
EXCH,2012-03-04_03:45:32,90,0,0,0,0,0
EXCH,2012-03-04_03:45:32,91,0,0,0,0,0
EXCH,2012-03-04_03:45:32,92,0,0,0,0,0
EXCH,2012-03-04_03:45:32,93,0,0,0,0,0
EXCH,2012-03-04_03:45:32,94,0,0,0,0,0
EXCH,2012-03-04_03:45:32,95,0,0,0,0,0
EXCH,2012-03-04_03:45:32,96,0,0,0,0,0
EXCH,2012-03-04_03:45:32,97,0,0,0,0,0
EXCH,2012-03-04_03:45:32,98,0,0,0,0,0
EXCH,2012-03-04_03:45:32,99,0,0,0,0,0
EXCH,2012-03-04_03:45:32,100,0,0,0,0,0
EXCH,2012-03-04_03:45:32,101,0,0,0,0,0
EXCH,2012-03-04_03:45:32,102,0,0,0,0,0
EXCH,2012-03-04_03:45:32,103,0,0,0,0,0
EXCH,2012-03-04_03:45:32,104,0,0,0,0,0
EXCH,2012-03-04_03:45:32,105,0,0,0,0,0
EXCH,2012-03-04_03:45:32,106,0,0,0,0,0
EXCH,2012-03-04_03:45:32,107,0,0,0,0,0
EXCH,2012-03-04_03:45:32,108,0,0,0,0,0
EXCH,2012-03-04_03:45:32,109,0,0,0,0,0
EXCH,2012-03-04_03:45:32,110,0,0,0,0,0
EXCH,2012-03-04_03:45:32,111,0,0,0,0,0
EXCH,2012-03-04_03:45:32,112,0,0,0,0,0
EXCH,2012-03-04_03:45:32,113,0,0,0,0,0
EXCH,2012-03-04_03:45:32,114,0,0,0,0,0
EXCH,2012-03-04_03:45:32,115,0,0,0,0,0
EXCH,2012-03-04_03:45:32,116,0,0,0,0,0
EXCH,2012-03-04_03:45:32,117,0,0,0,0,0
EXCH,2012-03-04_03:45:32,118,0,0,0,0,0
EXCH,2012-03-04_03:45:32,119,0,0,0,0,0
EXCH,2012-03-04_03:45:32,120,0,0,0,0,0
EXCH,2012-03-04_03:45:32,121,0,0,0,0,0
EXCH,2012-03-04_03:45:32,122,0,0,0,0,0
EXCH,2012-03-04_03:45:32,123,0,0,0,0,0
EXCH,2012-03-04_03:45:32,124,0,0,0,0,0
EXCH,2012-03-04_03:45:32,125,0,0,0,0,0
EXCH,2012-03-04_03:45:32,126,0,0,0,0,0
EXCH,2012-03-04_03:45:32,127,0,0,0,0,0
EXCH,2012-03-04_03:45:32,128,0,0,0,0,0
EXCH,2012-03-04_03:45:32,129,0,0,0,0,0
EXCH,2012-03-04_03:45:32,130,0,0,0,0,0
EXCH,2012-03-04_03:45:32,131,0,0,0,0,0
EXCH,2012-03-04_03:45:32,132,0,0,0,0,0
EXCH,2012-03-04_03:45:32,133,0,0,0,0,0
EXCH,2012-03-04_03:45:32,134,0,0,0,0,0
EXCH,2012-03-04_03:45:32,135,0,0,0,0,0
EXCH,2012-03-04_03:45:32,136,0,0,0,0,0
EXCH,2012-03-04_03:45:32,137,0,0,0,0,0
EXCH,2012-03-04_03:45:32,138,0,0,0,0,0
EXCH,2012-03-04_03:45:32,139,0,0,0,0,0
EXCH,2012-03-04_03:45:32,140,0,0,0,0,0
EXCH,2012-03-04_03:45:32,141,0,0,0,0,0
EXCH,2012-03-04_03:45:32,142,0,0,0,0,0
EXCH,2012-03-04_03:45:32,143,0,0,0,0,0
EXCH,2012-03-04_03:45:32,144,0,0,0,0,0
EXCH,2012-03-04_03:45:32,145,0,0,0,0,0
EXCH,2012-03-04_03:45:32,146,0,0,0,0,0
EXCH,2012-03-04_03:45:32,147,0,0,0,0,0
EXCH,2012-03-04_03:45:32,148,0,0,0,0,0
EXCH,2012-03-04_03:45:32,149,0,0,0,0,0
EXCH,2012-03-04_03:45:32,150,0,0,0,0,0
EXCH,2012-03-04_03:45:32,151,0,0,0,0,0
EXCH,2012-03-04_03:45:32,152,0,0,0,0,0
EXCH,2012-03-04_03:45:32,153,0,0,0,0,0
EXCH,2012-03-04_03:45:32,154,0,0,0,0,0
EXCH,2012-03-04_03:45:32,155,0,0,0,0,0
EXCH,2012-03-04_03:45:32,156,0,0,0,0,0
EXCH,2012-03-04_03:45:32,157,0,0,0,0,0
EXCH,2012-03-04_03:45:32,158,0,0,0,0,0
EXCH,2012-03-04_03:45:32,159,0,0,0,0,0
EXCH,2012-03-04_03:45:32,160,0,0,0,0,0
EXCH,2012-03-04_03:45:32,161,0,0,0,0,0
EXCH,2012-03-04_03:45:32,162,0,0,0,0,0
EXCH,2012-03-04_03:45:32,163,0,0,0,0,0
EXCH,2012-03-04_03:45:32,164,0,0,0,0,0
EXCH,2012-03-04_03:45:32,165,0,0,0,0,0
EXCH,2012-03-04_03:45:32,166,0,0,0,0,0
EXCH,2012-03-04_03:45:32,167,0,0,0,0,0
EXCH,2012-03-04_03:45:32,168,0,0,0,0,0
EXCH,2012-03-04_03:45:32,169,0,0,0,0,0
EXCH,2012-03-04_03:45:32,170,0,0,0,0,0
EXCH,2012-03-04_03:45:32,171,0,0,0,0,0
EXCH,2012-03-04_03:45:32,172,0,0,0,0,0
EXCH,2012-03-04_03:45:32,173,0,0,0,0,0
EXCH,2012-03-04_03:45:32,174,0,0,0,0,0
EXCH,2012-03-04_03:45:32,175,0,0,0,0,0
EXCH,2012-03-04_03:45:32,176,0,0,0,0,0
EXCH,2012-03-04_03:45:32,177,0,0,0,0,0
EXCH,2012-03-04_03:45:32,178,0,0,0,0,0
EXCH,2012-03-04_03:45:32,179,0,0,0,0,0
EXCH,2012-03-04_03:45:32,180,0,0,0,0,0
EXCH,2012-03-04_03:45:32,181,0,0,0,0,0
EXCH,2012-03-04_03:45:32,182,0,0,0,0,0
EXCH,2012-03-04_03:45:32,183,0,0,0,0,0
EXCH,2012-03-04_03:45:32,184,0,0,0,0,0
EXCH,2012-03-04_03:45:32,185,0,0,0,0,0
LIST,2012-03-04_03:45:59,0,0,0,0,0
EXCH,2012-03-04_03:45:59,186,0,0,0,0,0
LIST,2012-03-04_03:46:07,0,0,0,0,0
LIST,2012-03-04_03:46:59,1,0,0,0,0
EXCH,2012-03-04_03:47:06,187,0,0,0,0,0
LIST,2012-03-04_03:47:07,1,0,0,0,0
LIST,2012-03-04_03:47:59,2,0,0,0,0
EXCH,2012-03-04_03:48:07,188,0,0,0,0,0
LIST,2012-03-04_03:48:07,2,0,0,0,0
LIST,2012-03-04_03:48:59,3,0,0,0,0
EXCH,2012-03-04_03:49:03,189,0,0,0,0,0
LIST,2012-03-04_03:49:07,3,0,0,0,0
LIST,2012-03-04_03:49:59,4,0,0,0,0
LIST,2012-03-04_03:50:07,4,0,0,0,0
EXCH,2012-03-04_03:50:09,190,0,0,0,0,0
LIST,2012-03-04_03:51:07,5,5,5,0,0
EXCH,2012-03-04_03:51:21,191,5,5,0,60,1
PROD,2012-03-04_03:51:23,STAT,b25dd9b8-19b9-4a18-89fb-93e594bffb59,0,5
PROD,2012-03-04_03:51:23,FINISH,b25dd9b8-19b9-4a18-89fb-93e594bffb59,5
LIST,2012-03-04_03:52:07,6,5,0,0,0
PROD,2012-03-04_03:52:23,STAT,b25dd9b8-19b9-4a18-89fb-93e594bffb59,1,0
EXCH,2012-03-04_03:52:32,192,5,0,60,0,1
LIST,2012-03-04_03:53:07,7,5,0,0,0
PROD,2012-03-04_03:53:23,STAT,b25dd9b8-19b9-4a18-89fb-93e594bffb59,2,0
EXCH,2012-03-04_03:53:28,193,5,0,60,0,0
LIST,2012-03-04_03:54:07,8,5,0,0,0
PROD,2012-03-04_03:54:23,STAT,b25dd9b8-19b9-4a18-89fb-93e594bffb59,3,0
EXCH,2012-03-04_03:54:28,194,5,0,60,0,0
LIST,2012-03-04_03:55:07,9,5,0,0,0
PROD,2012-03-04_03:55:23,STAT,b25dd9b8-19b9-4a18-89fb-93e594bffb59,4,0
EXCH,2012-03-04_03:55:42,195,5,0,60,0,0
LIST,2012-03-04_03:56:07,10,5,0,0,0
PROD,2012-03-04_03:56:23,STAT,b25dd9b8-19b9-4a18-89fb-93e594bffb59,5,0
EXCH,2012-03-04_03:56:53,196,5,0,60,0,0
LIST,2012-03-04_03:57:07,11,5,0,0,0
PROD,2012-03-04_03:57:23,STAT,b25dd9b8-19b9-4a18-89fb-93e594bffb59,6,0
EXCH,2012-03-04_03:57:49,197,5,0,60,0,0
LIST,2012-03-04_03:58:07,12,5,0,0,0
PROD,2012-03-04_03:58:23,STAT,b25dd9b8-19b9-4a18-89fb-93e594bffb59,7,0
